434997
493147
467277
305040
393345
274245
376238
428635
451333
69629
425838
298077
165650
282135
418942
94936
189443
485804
307085
388036
252075
11291
7181
5459
327078
311762
457835
129189
145691
111665
302640
275947
434024
396277
189337
16412
103442
132254
9970
459387
460936
454200
348069
7184
341726
16193
290538
54420
139344
169088
312277
404953
253858
237820
447180
140434
320768
100502
176272
325973
245657
115066
362056
475834
350928
490623
345580
153769
346448
264172
401024
388872
369376
100458
157419
141302
3570
307816
152411
129630
126096
373959
355730
189184
405157
49885
453888
34870
243896
37663
156580
320799
378714
375128
48005
264214
481684
387906
115488
57199
251821
203622
130902
335369
238317
375700
220792
459969
463870
220985
406344
268262
197830
273434
84489
475757
499610
19393
97256
189976
444440
232337
315935
117805
215674
6536
493901
154093
489577
134088
79208
15923
294206
282621
472346
20567
256107
387126
35143
229108
476516
76342
434697
345759
35365
129610
343479
434830
97027
46637
92856
28472
412079
303681
457086
317168
166989
370326
378746
485981
442141
456862
322386
347516
35761
463224
440222
349908
285866
209777
233223
477407
247252
63386
394620
296863
425513
298433
210955
38472
315185
207038
284244
393661
434394
187611
495814
3532
80726
121966
268624
44926
43669
139685
242224
445646
244848
426145
115325
76908
353362
246415
468629
223838
70838
96433
279476
265281
363072
158263
376928
86826
84448
112433
64072
37049
42331
417020
418868
159148
51086
65297
90750
343139
114789
343391
283783
271480
42558
72490
422638
420812
435951
245790
309085
440188
144855
379862
209698
117345
184506
207694
323538
158979
113578
133521
393896
272362
226357
246644
136646
279735
283013
147591
270498
165871
381779
356949
441118
25606
421868
402670
37362
140997
42203
259344
297098
477389
165644
494515
207547
6026
398345
241509
261111
266970
191450
410059
291204
156333
84182
279132
52908
388095
18615
156145
80354
359964
167391
267537
314841
194098
7773
458148
257077
123996
334451
354139
335215
266529
371462
478268
197681
231976
14947
148220
471149
150124
345519
343838
10515
214158
156959
78305
423982
314761
147343
91871
300383
342483
377414
371576
361246
138594
303643
267051
170142
338231
45139
93487
358107
306885
157937
110276
102329
458283
254333
51121
385495
34613
302474
21722
388100
452512
240974
225823
422563
209541
218414
114980
455083
217689
314910
359147
160133
244561
86939
461991
358076
219634
97007
64529
333399
375032
405668
349151
38390
447688
408764
274905
257464
165245
50420
117303
368761
221003
276711
317164
289509
372610
311213
198336
401504
483051
463996
266552
307395
455164
488822
206460
409581
238780
62923
473417
458872
154028
311340
246797
161374
440619
365150
419855
487644
426734
383613
73780
492554
35073
280327
143514
350318
15719
436075
280196
166497
169800
140888
9452
428456
73058
135781
147813
405814
418462
287861
352645
321147
459123
380771
413632
190047
20204
16677
319805
4935
284037
244553
238928
76799
416180
225639
92448
423541
66814
37436
436260
98783
43965
271303
142544
1188
59518
379281
75147
325724
40647
102080
298827
394826
191345
311416
357498
159052
429461
430951
215221
455277
148207
151116
255338
71297
101120
272180
243535
495283
116808
460623
153442
310208
141012
490466
20908
255503
147023
138469
377534
459552
230039
285954
484843
155445
457107
354635
271372
50602
280280
140471
340122
331613
6374
12950
489311
495419
455523
96951
368792
430317
307723
274370
260585
383667
266253
135916
260555
386486
133780
494337
436403
399021
460176
176298
21975
431258
158892
9436
267544
297969
485776
342285
427518
274049
108968
479548
246993
77782
209949
271831
54760
223900
499196
250488
144528
295676
406728
148748
347477
294912
96383
1670
6255
426092
378626
182917
310446
399042
325599
157367
434989
481297
82238
360214
248056
421859
86036
231652
380877
327275
232019
401351
285431
399155
169253
223237
71216
419091
263117
278770
232771
122929
251605
297379
455755
458538
221262
13779
130576
19778
99026
390092
134710
198410
340945
436044
334412
300125
10543
316733
21687
73266
229410
110547
216832
422835
77677
450786
172211
58549
345653
196860
55359
490728
222528
445156
496859
98713
59622
146989
436766
59091
207737
184056
387671
285449
24970
473139
292767
275693
459200
328117
102762
107918
42194
280291
24394
319301
37255
402095
92639
229602
288941
263110
63181
39425
331343
193071
108908
189704
289441
308952
53878
13011
429393
65620
252020
76972
415902
357693
18900
70882
367837
4048
391773
297145
58169
27223
393060
374832
287113
368075
489716
41172
198333
386325
131978
269289
322754
390905
465303
79036
217191
315462
26824
446659
336247
13339
338322
319144
199359
194513
163799
425322
406165
271901
16300
79883
215846
28256
260657
306350
356040
273982
272117
459586
199585
354588
392598
35607
12998
173009
436509
92813
144415
94053
133187
40733
38933
16283
87299
325652
154936
479737
318864
93579
64951
301989
393815
49426
453893
483073
427446
175319
472780
411759
65496
409615
65680
408711
182493
149990
230820
346967
453402
91259
260418
157182
334599
271016
368398
123914
116349
154065
200734
438517
405426
171245
312496
7548
90299
19743
128980
172561
322746
129140
384813
360805
244631
421358
481828
155442
204137
24251
339354
163937
289426
282396
261156
243199
237946
469490
172673
252820
301072
483905
145919
182924
291651
381981
219418
242924
425666
21673
272025
362109
21673
420375
265983
29128
408717
260867
246063
374139
303106
181731
372583
12182
194284
478647
92822
179962
448316
94999
424078
18755
371036
64939
181971
476031
94044
431763
422540
127793
430615
216136
456613
259924
145361
218431
241991
404003
377500
391251
368950
351297
376503
200508
277149
184691
229503
467250
268696
12897
171703
423213
115078
392867
181629
334019
48116
157264
184329
327053
456363
400011
284133
39662
340111
42045
156158
14676
192605
355082
356239
53870
355344
459431
133451
353037
212853
296867
471752
286769
329781
17705
59244
168368
450833
316756
183547
119765
265376
229441
324415
168451
53618
451070
382883
189502
474847
285457
165271
461418
262160
153902
472189
404823
193438
97902
2666
5213
109358
278897
363918
349321
161143
7421
374472
435731
388964
156534
453995
492649
635
477603
404366
17583
433697
190508
407861
233621
163751
290241
167118
275188
138431
215237
11396
320039
111692
221939
110549
20257
391939
498519
276931
63239
117902
145785
445550
300443
248243
120054
372398
719
38425
36283
2039
300685
192497
407803
161341
343917
294445
436942
127451
114820
376214
5281
62870
344776
362824
74748
130619
443492
294050
283882
91399
179236
138892
114637
199012
253012
368588
5559
139669
134753
497603
256582
412100
178096
448706
347813
145044
427543
39577
319493
191168
210193
301511
421668
157943
352250
411166
156278
399976
396282
326701
87070
9892
101782
286428
